c sudoku,holes£º21
c game:
c . 9 7 . 2 1 . 4 8 
c . . 1 . . 6 7 2 9 
c 2 4 8 5 . 9 6 1 3 
c 7 . 4 6 . . 9 . 2 
c 3 5 9 7 1 . 4 . 6 
c 8 6 2 9 5 4 1 3 7 
c 9 . 5 8 4 3 2 6 1 
c . 8 6 2 9 5 . . . 
c 4 . 3 . 6 7 8 9 5 
c ans:
c 6 9 7 3 2 1 5 4 8 
c 5 3 1 4 8 6 7 2 9 
c 2 4 8 5 7 9 6 1 3 
c 7 1 4 6 3 8 9 5 2 
c 3 5 9 7 1 2 4 8 6 
c 8 6 2 9 5 4 1 3 7 
c 9 7 5 8 4 3 2 6 1 
c 1 8 6 2 9 5 3 7 4 
c 4 2 3 1 6 7 8 9 5 
p cnf 729 1560
-1 -2 0
-1 -3 0
-1 -4 0
-1 -5 0
-1 -6 0
-1 -7 0
-1 -8 0
-1 -9 0
-2 -3 0
-2 -4 0
-2 -5 0
-2 -6 0
-2 -7 0
-2 -8 0
-2 -9 0
-3 -4 0
-3 -5 0
-3 -6 0
-3 -7 0
-3 -8 0
-3 -9 0
-4 -5 0
-4 -6 0
-4 -7 0
-4 -8 0
-4 -9 0
-5 -6 0
-5 -7 0
-5 -8 0
-5 -9 0
-6 -7 0
-6 -8 0
-6 -9 0
-7 -8 0
-7 -9 0
-8 -9 0
1 2 3 4 5 6 7 8 9 0 
-10 0
-11 0
-12 0
-13 0
-14 0
-15 0
-16 0
-17 0
18 0
-19 0
-20 0
-21 0
-22 0
-23 0
-24 0
25 0
-26 0
-27 0
-28 -29 0
-28 -30 0
-28 -31 0
-28 -32 0
-28 -33 0
-28 -34 0
-28 -35 0
-28 -36 0
-29 -30 0
-29 -31 0
-29 -32 0
-29 -33 0
-29 -34 0
-29 -35 0
-29 -36 0
-30 -31 0
-30 -32 0
-30 -33 0
-30 -34 0
-30 -35 0
-30 -36 0
-31 -32 0
-31 -33 0
-31 -34 0
-31 -35 0
-31 -36 0
-32 -33 0
-32 -34 0
-32 -35 0
-32 -36 0
-33 -34 0
-33 -35 0
-33 -36 0
-34 -35 0
-34 -36 0
-35 -36 0
28 29 30 31 32 33 34 35 36 0 
-37 0
38 0
-39 0
-40 0
-41 0
-42 0
-43 0
-44 0
-45 0
46 0
-47 0
-48 0
-49 0
-50 0
-51 0
-52 0
-53 0
-54 0
-55 -56 0
-55 -57 0
-55 -58 0
-55 -59 0
-55 -60 0
-55 -61 0
-55 -62 0
-55 -63 0
-56 -57 0
-56 -58 0
-56 -59 0
-56 -60 0
-56 -61 0
-56 -62 0
-56 -63 0
-57 -58 0
-57 -59 0
-57 -60 0
-57 -61 0
-57 -62 0
-57 -63 0
-58 -59 0
-58 -60 0
-58 -61 0
-58 -62 0
-58 -63 0
-59 -60 0
-59 -61 0
-59 -62 0
-59 -63 0
-60 -61 0
-60 -62 0
-60 -63 0
-61 -62 0
-61 -63 0
-62 -63 0
55 56 57 58 59 60 61 62 63 0 
-64 0
-65 0
-66 0
67 0
-68 0
-69 0
-70 0
-71 0
-72 0
-73 0
-74 0
-75 0
-76 0
-77 0
-78 0
-79 0
80 0
-81 0
-82 -83 0
-82 -84 0
-82 -85 0
-82 -86 0
-82 -87 0
-82 -88 0
-82 -89 0
-82 -90 0
-83 -84 0
-83 -85 0
-83 -86 0
-83 -87 0
-83 -88 0
-83 -89 0
-83 -90 0
-84 -85 0
-84 -86 0
-84 -87 0
-84 -88 0
-84 -89 0
-84 -90 0
-85 -86 0
-85 -87 0
-85 -88 0
-85 -89 0
-85 -90 0
-86 -87 0
-86 -88 0
-86 -89 0
-86 -90 0
-87 -88 0
-87 -89 0
-87 -90 0
-88 -89 0
-88 -90 0
-89 -90 0
82 83 84 85 86 87 88 89 90 0 
-91 -92 0
-91 -93 0
-91 -94 0
-91 -95 0
-91 -96 0
-91 -97 0
-91 -98 0
-91 -99 0
-92 -93 0
-92 -94 0
-92 -95 0
-92 -96 0
-92 -97 0
-92 -98 0
-92 -99 0
-93 -94 0
-93 -95 0
-93 -96 0
-93 -97 0
-93 -98 0
-93 -99 0
-94 -95 0
-94 -96 0
-94 -97 0
-94 -98 0
-94 -99 0
-95 -96 0
-95 -97 0
-95 -98 0
-95 -99 0
-96 -97 0
-96 -98 0
-96 -99 0
-97 -98 0
-97 -99 0
-98 -99 0
91 92 93 94 95 96 97 98 99 0 
100 0
-101 0
-102 0
-103 0
-104 0
-105 0
-106 0
-107 0
-108 0
-109 -110 0
-109 -111 0
-109 -112 0
-109 -113 0
-109 -114 0
-109 -115 0
-109 -116 0
-109 -117 0
-110 -111 0
-110 -112 0
-110 -113 0
-110 -114 0
-110 -115 0
-110 -116 0
-110 -117 0
-111 -112 0
-111 -113 0
-111 -114 0
-111 -115 0
-111 -116 0
-111 -117 0
-112 -113 0
-112 -114 0
-112 -115 0
-112 -116 0
-112 -117 0
-113 -114 0
-113 -115 0
-113 -116 0
-113 -117 0
-114 -115 0
-114 -116 0
-114 -117 0
-115 -116 0
-115 -117 0
-116 -117 0
109 110 111 112 113 114 115 116 117 0 
-118 -119 0
-118 -120 0
-118 -121 0
-118 -122 0
-118 -123 0
-118 -124 0
-118 -125 0
-118 -126 0
-119 -120 0
-119 -121 0
-119 -122 0
-119 -123 0
-119 -124 0
-119 -125 0
-119 -126 0
-120 -121 0
-120 -122 0
-120 -123 0
-120 -124 0
-120 -125 0
-120 -126 0
-121 -122 0
-121 -123 0
-121 -124 0
-121 -125 0
-121 -126 0
-122 -123 0
-122 -124 0
-122 -125 0
-122 -126 0
-123 -124 0
-123 -125 0
-123 -126 0
-124 -125 0
-124 -126 0
-125 -126 0
118 119 120 121 122 123 124 125 126 0 
-127 0
-128 0
-129 0
-130 0
-131 0
132 0
-133 0
-134 0
-135 0
-136 0
-137 0
-138 0
-139 0
-140 0
-141 0
142 0
-143 0
-144 0
-145 0
146 0
-147 0
-148 0
-149 0
-150 0
-151 0
-152 0
-153 0
-154 0
-155 0
-156 0
-157 0
-158 0
-159 0
-160 0
-161 0
162 0
-163 0
164 0
-165 0
-166 0
-167 0
-168 0
-169 0
-170 0
-171 0
-172 0
-173 0
-174 0
175 0
-176 0
-177 0
-178 0
-179 0
-180 0
-181 0
-182 0
-183 0
-184 0
-185 0
-186 0
-187 0
188 0
-189 0
-190 0
-191 0
-192 0
-193 0
194 0
-195 0
-196 0
-197 0
-198 0
-199 -200 0
-199 -201 0
-199 -202 0
-199 -203 0
-199 -204 0
-199 -205 0
-199 -206 0
-199 -207 0
-200 -201 0
-200 -202 0
-200 -203 0
-200 -204 0
-200 -205 0
-200 -206 0
-200 -207 0
-201 -202 0
-201 -203 0
-201 -204 0
-201 -205 0
-201 -206 0
-201 -207 0
-202 -203 0
-202 -204 0
-202 -205 0
-202 -206 0
-202 -207 0
-203 -204 0
-203 -205 0
-203 -206 0
-203 -207 0
-204 -205 0
-204 -206 0
-204 -207 0
-205 -206 0
-205 -207 0
-206 -207 0
199 200 201 202 203 204 205 206 207 0 
-208 0
-209 0
-210 0
-211 0
-212 0
-213 0
-214 0
-215 0
216 0
-217 0
-218 0
-219 0
-220 0
-221 0
222 0
-223 0
-224 0
-225 0
226 0
-227 0
-228 0
-229 0
-230 0
-231 0
-232 0
-233 0
-234 0
-235 0
-236 0
237 0
-238 0
-239 0
-240 0
-241 0
-242 0
-243 0
-244 0
-245 0
-246 0
-247 0
-248 0
-249 0
250 0
-251 0
-252 0
-253 -254 0
-253 -255 0
-253 -256 0
-253 -257 0
-253 -258 0
-253 -259 0
-253 -260 0
-253 -261 0
-254 -255 0
-254 -256 0
-254 -257 0
-254 -258 0
-254 -259 0
-254 -260 0
-254 -261 0
-255 -256 0
-255 -257 0
-255 -258 0
-255 -259 0
-255 -260 0
-255 -261 0
-256 -257 0
-256 -258 0
-256 -259 0
-256 -260 0
-256 -261 0
-257 -258 0
-257 -259 0
-257 -260 0
-257 -261 0
-258 -259 0
-258 -260 0
-258 -261 0
-259 -260 0
-259 -261 0
-260 -261 0
253 254 255 256 257 258 259 260 261 0 
-262 0
-263 0
-264 0
265 0
-266 0
-267 0
-268 0
-269 0
-270 0
-271 0
-272 0
-273 0
-274 0
-275 0
276 0
-277 0
-278 0
-279 0
-280 -281 0
-280 -282 0
-280 -283 0
-280 -284 0
-280 -285 0
-280 -286 0
-280 -287 0
-280 -288 0
-281 -282 0
-281 -283 0
-281 -284 0
-281 -285 0
-281 -286 0
-281 -287 0
-281 -288 0
-282 -283 0
-282 -284 0
-282 -285 0
-282 -286 0
-282 -287 0
-282 -288 0
-283 -284 0
-283 -285 0
-283 -286 0
-283 -287 0
-283 -288 0
-284 -285 0
-284 -286 0
-284 -287 0
-284 -288 0
-285 -286 0
-285 -287 0
-285 -288 0
-286 -287 0
-286 -288 0
-287 -288 0
280 281 282 283 284 285 286 287 288 0 
-289 -290 0
-289 -291 0
-289 -292 0
-289 -293 0
-289 -294 0
-289 -295 0
-289 -296 0
-289 -297 0
-290 -291 0
-290 -292 0
-290 -293 0
-290 -294 0
-290 -295 0
-290 -296 0
-290 -297 0
-291 -292 0
-291 -293 0
-291 -294 0
-291 -295 0
-291 -296 0
-291 -297 0
-292 -293 0
-292 -294 0
-292 -295 0
-292 -296 0
-292 -297 0
-293 -294 0
-293 -295 0
-293 -296 0
-293 -297 0
-294 -295 0
-294 -296 0
-294 -297 0
-295 -296 0
-295 -297 0
-296 -297 0
289 290 291 292 293 294 295 296 297 0 
-298 0
-299 0
-300 0
-301 0
-302 0
-303 0
-304 0
-305 0
306 0
-307 -308 0
-307 -309 0
-307 -310 0
-307 -311 0
-307 -312 0
-307 -313 0
-307 -314 0
-307 -315 0
-308 -309 0
-308 -310 0
-308 -311 0
-308 -312 0
-308 -313 0
-308 -314 0
-308 -315 0
-309 -310 0
-309 -311 0
-309 -312 0
-309 -313 0
-309 -314 0
-309 -315 0
-310 -311 0
-310 -312 0
-310 -313 0
-310 -314 0
-310 -315 0
-311 -312 0
-311 -313 0
-311 -314 0
-311 -315 0
-312 -313 0
-312 -314 0
-312 -315 0
-313 -314 0
-313 -315 0
-314 -315 0
307 308 309 310 311 312 313 314 315 0 
-316 0
317 0
-318 0
-319 0
-320 0
-321 0
-322 0
-323 0
-324 0
-325 0
-326 0
327 0
-328 0
-329 0
-330 0
-331 0
-332 0
-333 0
-334 0
-335 0
-336 0
-337 0
338 0
-339 0
-340 0
-341 0
-342 0
-343 0
-344 0
-345 0
-346 0
-347 0
-348 0
-349 0
-350 0
351 0
-352 0
-353 0
-354 0
-355 0
-356 0
-357 0
358 0
-359 0
-360 0
361 0
-362 0
-363 0
-364 0
-365 0
-366 0
-367 0
-368 0
-369 0
-370 -371 0
-370 -372 0
-370 -373 0
-370 -374 0
-370 -375 0
-370 -376 0
-370 -377 0
-370 -378 0
-371 -372 0
-371 -373 0
-371 -374 0
-371 -375 0
-371 -376 0
-371 -377 0
-371 -378 0
-372 -373 0
-372 -374 0
-372 -375 0
-372 -376 0
-372 -377 0
-372 -378 0
-373 -374 0
-373 -375 0
-373 -376 0
-373 -377 0
-373 -378 0
-374 -375 0
-374 -376 0
-374 -377 0
-374 -378 0
-375 -376 0
-375 -377 0
-375 -378 0
-376 -377 0
-376 -378 0
-377 -378 0
370 371 372 373 374 375 376 377 378 0 
-379 0
-380 0
-381 0
382 0
-383 0
-384 0
-385 0
-386 0
-387 0
-388 -389 0
-388 -390 0
-388 -391 0
-388 -392 0
-388 -393 0
-388 -394 0
-388 -395 0
-388 -396 0
-389 -390 0
-389 -391 0
-389 -392 0
-389 -393 0
-389 -394 0
-389 -395 0
-389 -396 0
-390 -391 0
-390 -392 0
-390 -393 0
-390 -394 0
-390 -395 0
-390 -396 0
-391 -392 0
-391 -393 0
-391 -394 0
-391 -395 0
-391 -396 0
-392 -393 0
-392 -394 0
-392 -395 0
-392 -396 0
-393 -394 0
-393 -395 0
-393 -396 0
-394 -395 0
-394 -396 0
-395 -396 0
388 389 390 391 392 393 394 395 396 0 
-397 0
-398 0
-399 0
-400 0
-401 0
402 0
-403 0
-404 0
-405 0
-406 0
-407 0
-408 0
-409 0
-410 0
-411 0
-412 0
413 0
-414 0
-415 0
-416 0
-417 0
-418 0
-419 0
420 0
-421 0
-422 0
-423 0
-424 0
425 0
-426 0
-427 0
-428 0
-429 0
-430 0
-431 0
-432 0
-433 0
-434 0
-435 0
-436 0
-437 0
-438 0
-439 0
-440 0
441 0
-442 0
-443 0
-444 0
-445 0
446 0
-447 0
-448 0
-449 0
-450 0
-451 0
-452 0
-453 0
454 0
-455 0
-456 0
-457 0
-458 0
-459 0
460 0
-461 0
-462 0
-463 0
-464 0
-465 0
-466 0
-467 0
-468 0
-469 0
-470 0
471 0
-472 0
-473 0
-474 0
-475 0
-476 0
-477 0
-478 0
-479 0
-480 0
-481 0
-482 0
-483 0
484 0
-485 0
-486 0
-487 0
-488 0
-489 0
-490 0
-491 0
-492 0
-493 0
-494 0
495 0
-496 -497 0
-496 -498 0
-496 -499 0
-496 -500 0
-496 -501 0
-496 -502 0
-496 -503 0
-496 -504 0
-497 -498 0
-497 -499 0
-497 -500 0
-497 -501 0
-497 -502 0
-497 -503 0
-497 -504 0
-498 -499 0
-498 -500 0
-498 -501 0
-498 -502 0
-498 -503 0
-498 -504 0
-499 -500 0
-499 -501 0
-499 -502 0
-499 -503 0
-499 -504 0
-500 -501 0
-500 -502 0
-500 -503 0
-500 -504 0
-501 -502 0
-501 -503 0
-501 -504 0
-502 -503 0
-502 -504 0
-503 -504 0
496 497 498 499 500 501 502 503 504 0 
-505 0
-506 0
-507 0
-508 0
509 0
-510 0
-511 0
-512 0
-513 0
-514 0
-515 0
-516 0
-517 0
-518 0
-519 0
-520 0
521 0
-522 0
-523 0
-524 0
-525 0
526 0
-527 0
-528 0
-529 0
-530 0
-531 0
-532 0
-533 0
534 0
-535 0
-536 0
-537 0
-538 0
-539 0
-540 0
-541 0
542 0
-543 0
-544 0
-545 0
-546 0
-547 0
-548 0
-549 0
-550 0
-551 0
-552 0
-553 0
-554 0
555 0
-556 0
-557 0
-558 0
559 0
-560 0
-561 0
-562 0
-563 0
-564 0
-565 0
-566 0
-567 0
-568 -569 0
-568 -570 0
-568 -571 0
-568 -572 0
-568 -573 0
-568 -574 0
-568 -575 0
-568 -576 0
-569 -570 0
-569 -571 0
-569 -572 0
-569 -573 0
-569 -574 0
-569 -575 0
-569 -576 0
-570 -571 0
-570 -572 0
-570 -573 0
-570 -574 0
-570 -575 0
-570 -576 0
-571 -572 0
-571 -573 0
-571 -574 0
-571 -575 0
-571 -576 0
-572 -573 0
-572 -574 0
-572 -575 0
-572 -576 0
-573 -574 0
-573 -575 0
-573 -576 0
-574 -575 0
-574 -576 0
-575 -576 0
568 569 570 571 572 573 574 575 576 0 
-577 0
-578 0
-579 0
-580 0
-581 0
-582 0
-583 0
584 0
-585 0
-586 0
-587 0
-588 0
-589 0
-590 0
591 0
-592 0
-593 0
-594 0
-595 0
596 0
-597 0
-598 0
-599 0
-600 0
-601 0
-602 0
-603 0
-604 0
-605 0
-606 0
-607 0
-608 0
-609 0
-610 0
-611 0
612 0
-613 0
-614 0
-615 0
-616 0
617 0
-618 0
-619 0
-620 0
-621 0
-622 -623 0
-622 -624 0
-622 -625 0
-622 -626 0
-622 -627 0
-622 -628 0
-622 -629 0
-622 -630 0
-623 -624 0
-623 -625 0
-623 -626 0
-623 -627 0
-623 -628 0
-623 -629 0
-623 -630 0
-624 -625 0
-624 -626 0
-624 -627 0
-624 -628 0
-624 -629 0
-624 -630 0
-625 -626 0
-625 -627 0
-625 -628 0
-625 -629 0
-625 -630 0
-626 -627 0
-626 -628 0
-626 -629 0
-626 -630 0
-627 -628 0
-627 -629 0
-627 -630 0
-628 -629 0
-628 -630 0
-629 -630 0
622 623 624 625 626 627 628 629 630 0 
-631 -632 0
-631 -633 0
-631 -634 0
-631 -635 0
-631 -636 0
-631 -637 0
-631 -638 0
-631 -639 0
-632 -633 0
-632 -634 0
-632 -635 0
-632 -636 0
-632 -637 0
-632 -638 0
-632 -639 0
-633 -634 0
-633 -635 0
-633 -636 0
-633 -637 0
-633 -638 0
-633 -639 0
-634 -635 0
-634 -636 0
-634 -637 0
-634 -638 0
-634 -639 0
-635 -636 0
-635 -637 0
-635 -638 0
-635 -639 0
-636 -637 0
-636 -638 0
-636 -639 0
-637 -638 0
-637 -639 0
-638 -639 0
631 632 633 634 635 636 637 638 639 0 
-640 -641 0
-640 -642 0
-640 -643 0
-640 -644 0
-640 -645 0
-640 -646 0
-640 -647 0
-640 -648 0
-641 -642 0
-641 -643 0
-641 -644 0
-641 -645 0
-641 -646 0
-641 -647 0
-641 -648 0
-642 -643 0
-642 -644 0
-642 -645 0
-642 -646 0
-642 -647 0
-642 -648 0
-643 -644 0
-643 -645 0
-643 -646 0
-643 -647 0
-643 -648 0
-644 -645 0
-644 -646 0
-644 -647 0
-644 -648 0
-645 -646 0
-645 -647 0
-645 -648 0
-646 -647 0
-646 -648 0
-647 -648 0
640 641 642 643 644 645 646 647 648 0 
-649 0
-650 0
-651 0
652 0
-653 0
-654 0
-655 0
-656 0
-657 0
-658 -659 0
-658 -660 0
-658 -661 0
-658 -662 0
-658 -663 0
-658 -664 0
-658 -665 0
-658 -666 0
-659 -660 0
-659 -661 0
-659 -662 0
-659 -663 0
-659 -664 0
-659 -665 0
-659 -666 0
-660 -661 0
-660 -662 0
-660 -663 0
-660 -664 0
-660 -665 0
-660 -666 0
-661 -662 0
-661 -663 0
-661 -664 0
-661 -665 0
-661 -666 0
-662 -663 0
-662 -664 0
-662 -665 0
-662 -666 0
-663 -664 0
-663 -665 0
-663 -666 0
-664 -665 0
-664 -666 0
-665 -666 0
658 659 660 661 662 663 664 665 666 0 
-667 0
-668 0
669 0
-670 0
-671 0
-672 0
-673 0
-674 0
-675 0
-676 -677 0
-676 -678 0
-676 -679 0
-676 -680 0
-676 -681 0
-676 -682 0
-676 -683 0
-676 -684 0
-677 -678 0
-677 -679 0
-677 -680 0
-677 -681 0
-677 -682 0
-677 -683 0
-677 -684 0
-678 -679 0
-678 -680 0
-678 -681 0
-678 -682 0
-678 -683 0
-678 -684 0
-679 -680 0
-679 -681 0
-679 -682 0
-679 -683 0
-679 -684 0
-680 -681 0
-680 -682 0
-680 -683 0
-680 -684 0
-681 -682 0
-681 -683 0
-681 -684 0
-682 -683 0
-682 -684 0
-683 -684 0
676 677 678 679 680 681 682 683 684 0 
-685 0
-686 0
-687 0
-688 0
-689 0
690 0
-691 0
-692 0
-693 0
-694 0
-695 0
-696 0
-697 0
-698 0
-699 0
700 0
-701 0
-702 0
-703 0
-704 0
-705 0
-706 0
-707 0
-708 0
-709 0
710 0
-711 0
-712 0
-713 0
-714 0
-715 0
-716 0
-717 0
-718 0
-719 0
720 0
-721 0
-722 0
-723 0
-724 0
725 0
-726 0
-727 0
-728 0
-729 0
1 10 19 28 37 46 55 64 73 0 
1 82 163 244 325 406 487 568 649 0 
82 91 100 109 118 127 136 145 154 0 
10 91 172 253 334 415 496 577 658 0 
163 172 181 190 199 208 217 226 235 0 
19 100 181 262 343 424 505 586 667 0 
244 253 262 271 280 289 298 307 316 0 
28 109 190 271 352 433 514 595 676 0 
325 334 343 352 361 370 379 388 397 0 
37 118 199 280 361 442 523 604 685 0 
406 415 424 433 442 451 460 469 478 0 
46 127 208 289 370 451 532 613 694 0 
487 496 505 514 523 532 541 550 559 0 
55 136 217 298 379 460 541 622 703 0 
568 577 586 595 604 613 622 631 640 0 
64 145 226 307 388 469 550 631 712 0 
649 658 667 676 685 694 703 712 721 0 
73 154 235 316 397 478 559 640 721 0 
2 11 20 29 38 47 56 65 74 0 
2 83 164 245 326 407 488 569 650 0 
83 92 101 110 119 128 137 146 155 0 
11 92 173 254 335 416 497 578 659 0 
164 173 182 191 200 209 218 227 236 0 
20 101 182 263 344 425 506 587 668 0 
245 254 263 272 281 290 299 308 317 0 
29 110 191 272 353 434 515 596 677 0 
326 335 344 353 362 371 380 389 398 0 
38 119 200 281 362 443 524 605 686 0 
407 416 425 434 443 452 461 470 479 0 
47 128 209 290 371 452 533 614 695 0 
488 497 506 515 524 533 542 551 560 0 
56 137 218 299 380 461 542 623 704 0 
569 578 587 596 605 614 623 632 641 0 
65 146 227 308 389 470 551 632 713 0 
650 659 668 677 686 695 704 713 722 0 
74 155 236 317 398 479 560 641 722 0 
3 12 21 30 39 48 57 66 75 0 
3 84 165 246 327 408 489 570 651 0 
84 93 102 111 120 129 138 147 156 0 
12 93 174 255 336 417 498 579 660 0 
165 174 183 192 201 210 219 228 237 0 
21 102 183 264 345 426 507 588 669 0 
246 255 264 273 282 291 300 309 318 0 
30 111 192 273 354 435 516 597 678 0 
327 336 345 354 363 372 381 390 399 0 
39 120 201 282 363 444 525 606 687 0 
408 417 426 435 444 453 462 471 480 0 
48 129 210 291 372 453 534 615 696 0 
489 498 507 516 525 534 543 552 561 0 
57 138 219 300 381 462 543 624 705 0 
570 579 588 597 606 615 624 633 642 0 
66 147 228 309 390 471 552 633 714 0 
651 660 669 678 687 696 705 714 723 0 
75 156 237 318 399 480 561 642 723 0 
4 13 22 31 40 49 58 67 76 0 
4 85 166 247 328 409 490 571 652 0 
85 94 103 112 121 130 139 148 157 0 
13 94 175 256 337 418 499 580 661 0 
166 175 184 193 202 211 220 229 238 0 
22 103 184 265 346 427 508 589 670 0 
247 256 265 274 283 292 301 310 319 0 
31 112 193 274 355 436 517 598 679 0 
328 337 346 355 364 373 382 391 400 0 
40 121 202 283 364 445 526 607 688 0 
409 418 427 436 445 454 463 472 481 0 
49 130 211 292 373 454 535 616 697 0 
490 499 508 517 526 535 544 553 562 0 
58 139 220 301 382 463 544 625 706 0 
571 580 589 598 607 616 625 634 643 0 
67 148 229 310 391 472 553 634 715 0 
652 661 670 679 688 697 706 715 724 0 
76 157 238 319 400 481 562 643 724 0 
5 14 23 32 41 50 59 68 77 0 
5 86 167 248 329 410 491 572 653 0 
86 95 104 113 122 131 140 149 158 0 
14 95 176 257 338 419 500 581 662 0 
167 176 185 194 203 212 221 230 239 0 
23 104 185 266 347 428 509 590 671 0 
248 257 266 275 284 293 302 311 320 0 
32 113 194 275 356 437 518 599 680 0 
329 338 347 356 365 374 383 392 401 0 
41 122 203 284 365 446 527 608 689 0 
410 419 428 437 446 455 464 473 482 0 
50 131 212 293 374 455 536 617 698 0 
491 500 509 518 527 536 545 554 563 0 
59 140 221 302 383 464 545 626 707 0 
572 581 590 599 608 617 626 635 644 0 
68 149 230 311 392 473 554 635 716 0 
653 662 671 680 689 698 707 716 725 0 
77 158 239 320 401 482 563 644 725 0 
6 15 24 33 42 51 60 69 78 0 
6 87 168 249 330 411 492 573 654 0 
87 96 105 114 123 132 141 150 159 0 
15 96 177 258 339 420 501 582 663 0 
168 177 186 195 204 213 222 231 240 0 
24 105 186 267 348 429 510 591 672 0 
249 258 267 276 285 294 303 312 321 0 
33 114 195 276 357 438 519 600 681 0 
330 339 348 357 366 375 384 393 402 0 
42 123 204 285 366 447 528 609 690 0 
411 420 429 438 447 456 465 474 483 0 
51 132 213 294 375 456 537 618 699 0 
492 501 510 519 528 537 546 555 564 0 
60 141 222 303 384 465 546 627 708 0 
573 582 591 600 609 618 627 636 645 0 
69 150 231 312 393 474 555 636 717 0 
654 663 672 681 690 699 708 717 726 0 
78 159 240 321 402 483 564 645 726 0 
7 16 25 34 43 52 61 70 79 0 
7 88 169 250 331 412 493 574 655 0 
88 97 106 115 124 133 142 151 160 0 
16 97 178 259 340 421 502 583 664 0 
169 178 187 196 205 214 223 232 241 0 
25 106 187 268 349 430 511 592 673 0 
250 259 268 277 286 295 304 313 322 0 
34 115 196 277 358 439 520 601 682 0 
331 340 349 358 367 376 385 394 403 0 
43 124 205 286 367 448 529 610 691 0 
412 421 430 439 448 457 466 475 484 0 
52 133 214 295 376 457 538 619 700 0 
493 502 511 520 529 538 547 556 565 0 
61 142 223 304 385 466 547 628 709 0 
574 583 592 601 610 619 628 637 646 0 
70 151 232 313 394 475 556 637 718 0 
655 664 673 682 691 700 709 718 727 0 
79 160 241 322 403 484 565 646 727 0 
8 17 26 35 44 53 62 71 80 0 
8 89 170 251 332 413 494 575 656 0 
89 98 107 116 125 134 143 152 161 0 
17 98 179 260 341 422 503 584 665 0 
170 179 188 197 206 215 224 233 242 0 
26 107 188 269 350 431 512 593 674 0 
251 260 269 278 287 296 305 314 323 0 
35 116 197 278 359 440 521 602 683 0 
332 341 350 359 368 377 386 395 404 0 
44 125 206 287 368 449 530 611 692 0 
413 422 431 440 449 458 467 476 485 0 
53 134 215 296 377 458 539 620 701 0 
494 503 512 521 530 539 548 557 566 0 
62 143 224 305 386 467 548 629 710 0 
575 584 593 602 611 620 629 638 647 0 
71 152 233 314 395 476 557 638 719 0 
656 665 674 683 692 701 710 719 728 0 
80 161 242 323 404 485 566 647 728 0 
9 18 27 36 45 54 63 72 81 0 
9 90 171 252 333 414 495 576 657 0 
90 99 108 117 126 135 144 153 162 0 
18 99 180 261 342 423 504 585 666 0 
171 180 189 198 207 216 225 234 243 0 
27 108 189 270 351 432 513 594 675 0 
252 261 270 279 288 297 306 315 324 0 
36 117 198 279 360 441 522 603 684 0 
333 342 351 360 369 378 387 396 405 0 
45 126 207 288 369 450 531 612 693 0 
414 423 432 441 450 459 468 477 486 0 
54 135 216 297 378 459 540 621 702 0 
495 504 513 522 531 540 549 558 567 0 
63 144 225 306 387 468 549 630 711 0 
576 585 594 603 612 621 630 639 648 0 
72 153 234 315 396 477 558 639 720 0 
657 666 675 684 693 702 711 720 729 0 
81 162 243 324 405 486 567 648 729 0 
1 10 19 82 91 100 163 172 181 0 
28 37 46 109 118 127 190 199 208 0 
55 64 73 136 145 154 217 226 235 0 
244 253 262 325 334 343 406 415 424 0 
271 280 289 352 361 370 433 442 451 0 
298 307 316 379 388 397 460 469 478 0 
487 496 505 568 577 586 649 658 667 0 
514 523 532 595 604 613 676 685 694 0 
541 550 559 622 631 640 703 712 721 0 
2 11 20 83 92 101 164 173 182 0 
29 38 47 110 119 128 191 200 209 0 
56 65 74 137 146 155 218 227 236 0 
245 254 263 326 335 344 407 416 425 0 
272 281 290 353 362 371 434 443 452 0 
299 308 317 380 389 398 461 470 479 0 
488 497 506 569 578 587 650 659 668 0 
515 524 533 596 605 614 677 686 695 0 
542 551 560 623 632 641 704 713 722 0 
3 12 21 84 93 102 165 174 183 0 
30 39 48 111 120 129 192 201 210 0 
57 66 75 138 147 156 219 228 237 0 
246 255 264 327 336 345 408 417 426 0 
273 282 291 354 363 372 435 444 453 0 
300 309 318 381 390 399 462 471 480 0 
489 498 507 570 579 588 651 660 669 0 
516 525 534 597 606 615 678 687 696 0 
543 552 561 624 633 642 705 714 723 0 
4 13 22 85 94 103 166 175 184 0 
31 40 49 112 121 130 193 202 211 0 
58 67 76 139 148 157 220 229 238 0 
247 256 265 328 337 346 409 418 427 0 
274 283 292 355 364 373 436 445 454 0 
301 310 319 382 391 400 463 472 481 0 
490 499 508 571 580 589 652 661 670 0 
517 526 535 598 607 616 679 688 697 0 
544 553 562 625 634 643 706 715 724 0 
5 14 23 86 95 104 167 176 185 0 
32 41 50 113 122 131 194 203 212 0 
59 68 77 140 149 158 221 230 239 0 
248 257 266 329 338 347 410 419 428 0 
275 284 293 356 365 374 437 446 455 0 
302 311 320 383 392 401 464 473 482 0 
491 500 509 572 581 590 653 662 671 0 
518 527 536 599 608 617 680 689 698 0 
545 554 563 626 635 644 707 716 725 0 
6 15 24 87 96 105 168 177 186 0 
33 42 51 114 123 132 195 204 213 0 
60 69 78 141 150 159 222 231 240 0 
249 258 267 330 339 348 411 420 429 0 
276 285 294 357 366 375 438 447 456 0 
303 312 321 384 393 402 465 474 483 0 
492 501 510 573 582 591 654 663 672 0 
519 528 537 600 609 618 681 690 699 0 
546 555 564 627 636 645 708 717 726 0 
7 16 25 88 97 106 169 178 187 0 
34 43 52 115 124 133 196 205 214 0 
61 70 79 142 151 160 223 232 241 0 
250 259 268 331 340 349 412 421 430 0 
277 286 295 358 367 376 439 448 457 0 
304 313 322 385 394 403 466 475 484 0 
493 502 511 574 583 592 655 664 673 0 
520 529 538 601 610 619 682 691 700 0 
547 556 565 628 637 646 709 718 727 0 
8 17 26 89 98 107 170 179 188 0 
35 44 53 116 125 134 197 206 215 0 
62 71 80 143 152 161 224 233 242 0 
251 260 269 332 341 350 413 422 431 0 
278 287 296 359 368 377 440 449 458 0 
305 314 323 386 395 404 467 476 485 0 
494 503 512 575 584 593 656 665 674 0 
521 530 539 602 611 620 683 692 701 0 
548 557 566 629 638 647 710 719 728 0 
9 18 27 90 99 108 171 180 189 0 
36 45 54 117 126 135 198 207 216 0 
63 72 81 144 153 162 225 234 243 0 
252 261 270 333 342 351 414 423 432 0 
279 288 297 360 369 378 441 450 459 0 
306 315 324 387 396 405 468 477 486 0 
495 504 513 576 585 594 657 666 675 0 
522 531 540 603 612 621 684 693 702 0 
549 558 567 630 639 648 711 720 729 0 
